ID	Name	Description
68234725f9099814f13a0fd2	name	description
